237
0 237 3 10000 1000000000000 0.13
1 237 3 10001 1000000000000 0.15
2 237 3 10002 1000000000000 0.15
3 237 3 10003 1000000000000 0.15
4 237 3 10004 1000000000000 0.15
5 237 3 10005 1000000000000 0.15
6 237 3 10006 1000000000000 0.15
7 237 3 10007 1000000000000 0.15
8 237 3 10008 1000000000000 0.15
9 237 3 10009 1000000000000 0.15
10 237 3 10010 1000000000000 0.15
11 237 3 10011 1000000000000 0.15
12 237 3 10012 1000000000000 0.15
13 237 3 10013 1000000000000 0.15
14 237 3 10014 1000000000000 0.15
15 237 3 10015 1000000000000 0.15
16 237 3 10016 1000000000000 0.15
17 237 3 10017 1000000000000 0.15
18 237 3 10018 1000000000000 0.15
19 237 3 10019 1000000000000 0.15
20 237 3 10020 1000000000000 0.15
21 237 3 10021 1000000000000 0.15
22 237 3 10022 1000000000000 0.15
23 237 3 10023 1000000000000 0.15
24 237 3 10024 1000000000000 0.15
25 237 3 10025 1000000000000 0.15
26 237 3 10026 1000000000000 0.15
27 237 3 10027 1000000000000 0.15
28 237 3 10028 1000000000000 0.15
29 237 3 10029 1000000000000 0.15
30 237 3 10030 1000000000000 0.15
31 237 3 10031 1000000000000 0.15
32 237 3 10032 1000000000000 0.15
33 237 3 10033 1000000000000 0.15
34 237 3 10034 1000000000000 0.15
35 237 3 10035 1000000000000 0.15
36 237 3 10036 1000000000000 0.15
37 237 3 10037 1000000000000 0.15
38 237 3 10038 1000000000000 0.15
39 237 3 10039 1000000000000 0.15
40 237 3 10040 1000000000000 0.15
41 237 3 10041 1000000000000 0.15
42 237 3 10042 1000000000000 0.15
43 237 3 10043 1000000000000 0.15
44 237 3 10044 1000000000000 0.15
45 237 3 10045 1000000000000 0.15
46 237 3 10046 1000000000000 0.15
47 237 3 10047 1000000000000 0.15
48 237 3 10048 1000000000000 0.15
49 237 3 10049 1000000000000 0.15
50 237 3 10050 1000000000000 0.15
51 237 3 10051 1000000000000 0.15
52 237 3 10052 1000000000000 0.15
53 237 3 10053 1000000000000 0.15
54 237 3 10054 1000000000000 0.15
55 237 3 10055 1000000000000 0.15
56 237 3 10056 1000000000000 0.15
57 237 3 10057 1000000000000 0.15
58 237 3 10058 1000000000000 0.15
59 237 3 10059 1000000000000 0.15
60 237 3 10060 1000000000000 0.15
61 237 3 10061 1000000000000 0.15
62 237 3 10062 1000000000000 0.15
63 237 3 10063 1000000000000 0.15
64 237 3 10064 1000000000000 0.15
65 237 3 10065 1000000000000 0.15
66 237 3 10066 1000000000000 0.15
67 237 3 10067 1000000000000 0.15
68 237 3 10068 1000000000000 0.15
69 237 3 10069 1000000000000 0.15
70 237 3 10070 1000000000000 0.15
71 237 3 10071 1000000000000 0.15
72 237 3 10072 1000000000000 0.15
73 237 3 10073 1000000000000 0.15
74 237 3 10074 1000000000000 0.15
75 237 3 10075 1000000000000 0.15
76 237 3 10076 1000000000000 0.15
77 237 3 10077 1000000000000 0.15
78 237 3 10078 1000000000000 0.15
79 237 3 10079 1000000000000 0.15
80 237 3 10080 1000000000000 0.15
81 237 3 10081 1000000000000 0.15
82 237 3 10082 1000000000000 0.15
83 237 3 10083 1000000000000 0.15
84 237 3 10084 1000000000000 0.15
85 237 3 10085 1000000000000 0.15
86 237 3 10086 1000000000000 0.15
87 237 3 10087 1000000000000 0.15
88 237 3 10088 1000000000000 0.15
89 237 3 10089 1000000000000 0.15
90 237 3 10090 1000000000000 0.15
91 237 3 10091 1000000000000 0.15
92 237 3 10092 1000000000000 0.15
93 237 3 10093 1000000000000 0.15
94 237 3 10094 1000000000000 0.15
95 237 3 10095 1000000000000 0.15
96 237 3 10096 1000000000000 0.15
97 237 3 10097 1000000000000 0.15
98 237 3 10098 1000000000000 0.15
99 237 3 10099 1000000000000 0.15
100 237 3 10100 1000000000000 0.15
101 237 3 10101 1000000000000 0.15
102 237 3 10102 1000000000000 0.15
103 237 3 10103 1000000000000 0.15
104 237 3 10104 1000000000000 0.15
105 237 3 10105 1000000000000 0.15
106 237 3 10106 1000000000000 0.15
107 237 3 10107 1000000000000 0.15
108 237 3 10108 1000000000000 0.15
109 237 3 10109 1000000000000 0.15
110 237 3 10110 1000000000000 0.15
111 237 3 10111 1000000000000 0.15
112 237 3 10112 1000000000000 0.15
113 237 3 10113 1000000000000 0.15
114 237 3 10114 1000000000000 0.15
115 237 3 10115 1000000000000 0.15
116 237 3 10116 1000000000000 0.15
117 237 3 10117 1000000000000 0.15
118 237 3 10118 1000000000000 0.15
119 237 3 10119 1000000000000 0.15
120 237 3 10120 1000000000000 0.15
121 237 3 10121 1000000000000 0.15
122 237 3 10122 1000000000000 0.15
123 237 3 10123 1000000000000 0.15
124 237 3 10124 1000000000000 0.15
125 237 3 10125 1000000000000 0.15
126 237 3 10126 1000000000000 0.15
127 237 3 10127 1000000000000 0.15
128 237 3 10128 1000000000000 0.15
129 237 3 10129 1000000000000 0.15
130 237 3 10130 1000000000000 0.15
131 237 3 10131 1000000000000 0.15
132 237 3 10132 1000000000000 0.15
133 237 3 10133 1000000000000 0.15
134 237 3 10134 1000000000000 0.15
135 237 3 10135 1000000000000 0.15
136 237 3 10136 1000000000000 0.15
137 237 3 10137 1000000000000 0.15
138 237 3 10138 1000000000000 0.15
139 237 3 10139 1000000000000 0.15
140 237 3 10140 1000000000000 0.15
141 237 3 10141 1000000000000 0.15
142 237 3 10142 1000000000000 0.15
143 237 3 10143 1000000000000 0.15
144 237 3 10144 1000000000000 0.15
145 237 3 10145 1000000000000 0.15
146 237 3 10146 1000000000000 0.15
147 237 3 10147 1000000000000 0.15
148 237 3 10148 1000000000000 0.15
149 237 3 10149 1000000000000 0.15
150 237 3 10150 1000000000000 0.15
151 237 3 10151 1000000000000 0.15
152 237 3 10152 1000000000000 0.15
153 237 3 10153 1000000000000 0.15
154 237 3 10154 1000000000000 0.15
155 237 3 10155 1000000000000 0.15
156 237 3 10156 1000000000000 0.15
157 237 3 10157 1000000000000 0.15
158 237 3 10158 1000000000000 0.15
159 237 3 10159 1000000000000 0.15
160 237 3 10160 1000000000000 0.15
161 237 3 10161 1000000000000 0.15
162 237 3 10162 1000000000000 0.15
163 237 3 10163 1000000000000 0.15
164 237 3 10164 1000000000000 0.15
165 237 3 10165 1000000000000 0.15
166 237 3 10166 1000000000000 0.15
167 237 3 10167 1000000000000 0.15
168 237 3 10168 1000000000000 0.15
169 237 3 10169 1000000000000 0.15
170 237 3 10170 1000000000000 0.15
171 237 3 10171 1000000000000 0.15
172 237 3 10172 1000000000000 0.15
173 237 3 10173 1000000000000 0.15
174 237 3 10174 1000000000000 0.15
175 237 3 10175 1000000000000 0.15
176 237 3 10176 1000000000000 0.15
177 237 3 10177 1000000000000 0.15
178 237 3 10178 1000000000000 0.15
179 237 3 10179 1000000000000 0.15
180 237 3 10180 1000000000000 0.15
181 237 3 10181 1000000000000 0.15
182 237 3 10182 1000000000000 0.15
183 237 3 10183 1000000000000 0.15
184 237 3 10184 1000000000000 0.15
185 237 3 10185 1000000000000 0.15
186 237 3 10186 1000000000000 0.15
187 237 3 10187 1000000000000 0.15
188 237 3 10188 1000000000000 0.15
189 237 3 10189 1000000000000 0.15
190 237 3 10190 1000000000000 0.15
191 237 3 10191 1000000000000 0.15
192 237 3 10192 1000000000000 0.15
193 237 3 10193 1000000000000 0.15
194 237 3 10194 1000000000000 0.15
195 237 3 10195 1000000000000 0.15
196 237 3 10196 1000000000000 0.15
197 237 3 10197 1000000000000 0.15
198 237 3 10198 1000000000000 0.15
199 237 3 10199 1000000000000 0.15
200 237 3 10200 1000000000000 0.15
201 237 3 10201 1000000000000 0.15
202 237 3 10202 1000000000000 0.15
203 237 3 10203 1000000000000 0.15
204 237 3 10204 1000000000000 0.15
205 237 3 10205 1000000000000 0.15
206 237 3 10206 1000000000000 0.15
207 237 3 10207 1000000000000 0.15
208 237 3 10208 1000000000000 0.15
209 237 3 10209 1000000000000 0.15
210 237 3 10210 1000000000000 0.15
211 237 3 10211 1000000000000 0.15
212 237 3 10212 1000000000000 0.15
213 237 3 10213 1000000000000 0.15
214 237 3 10214 1000000000000 0.15
215 237 3 10215 1000000000000 0.15
216 237 3 10216 1000000000000 0.15
217 237 3 10217 1000000000000 0.15
218 237 3 10218 1000000000000 0.15
219 237 3 10219 1000000000000 0.15
220 237 3 10220 1000000000000 0.15
221 237 3 10221 1000000000000 0.15
222 237 3 10222 1000000000000 0.15
223 237 3 10223 1000000000000 0.15
224 237 3 10224 1000000000000 0.15
225 237 3 10225 1000000000000 0.15
226 237 3 10226 1000000000000 0.15
227 237 3 10227 1000000000000 0.15
228 237 3 10228 1000000000000 0.15
229 237 3 10229 1000000000000 0.15
230 237 3 10230 1000000000000 0.15
231 237 3 10231 1000000000000 0.15
232 237 3 10232 1000000000000 0.15
233 237 3 10233 1000000000000 0.15
234 237 3 10234 1000000000000 0.15
235 237 3 10235 1000000000000 0.15
236 237 3 10236 1000000000000 0.15