248 10 4 254
238 239 240 241 242 243 244 245 246 247  
0 238 25000000000.0 1us 0
1 238 25000000000.0 1us 0
2 238 25000000000.0 1us 0
3 238 25000000000.0 1us 0
4 238 25000000000.0 1us 0
5 238 25000000000.0 1us 0
6 238 25000000000.0 1us 0
7 238 25000000000.0 1us 0
8 238 25000000000.0 1us 0
9 238 25000000000.0 1us 0
10 238 25000000000.0 1us 0
11 238 25000000000.0 1us 0
12 238 25000000000.0 1us 0
13 238 25000000000.0 1us 0
14 238 25000000000.0 1us 0
15 238 25000000000.0 1us 0
16 238 25000000000.0 1us 0
17 238 25000000000.0 1us 0
18 238 25000000000.0 1us 0
19 238 25000000000.0 1us 0
20 238 25000000000.0 1us 0
21 238 25000000000.0 1us 0
22 238 25000000000.0 1us 0
23 238 25000000000.0 1us 0
24 238 25000000000.0 1us 0
25 238 25000000000.0 1us 0
26 238 25000000000.0 1us 0
27 238 25000000000.0 1us 0
28 238 25000000000.0 1us 0
29 238 25000000000.0 1us 0
30 238 25000000000.0 1us 0
31 238 25000000000.0 1us 0
32 238 25000000000.0 1us 0
33 238 25000000000.0 1us 0
34 238 25000000000.0 1us 0
35 238 25000000000.0 1us 0
36 238 25000000000.0 1us 0
37 238 25000000000.0 1us 0
38 238 25000000000.0 1us 0
39 238 25000000000.0 1us 0
40 238 25000000000.0 1us 0
41 238 25000000000.0 1us 0
42 238 25000000000.0 1us 0
43 238 25000000000.0 1us 0
44 238 25000000000.0 1us 0
45 238 25000000000.0 1us 0
46 238 25000000000.0 1us 0
47 238 25000000000.0 1us 0
48 238 25000000000.0 1us 0
49 238 25000000000.0 1us 0
50 238 25000000000.0 1us 0
51 238 25000000000.0 1us 0
52 238 25000000000.0 1us 0
53 238 25000000000.0 1us 0
54 238 25000000000.0 1us 0
55 238 25000000000.0 1us 0
56 238 25000000000.0 1us 0
57 238 25000000000.0 1us 0
58 238 25000000000.0 1us 0
59 238 25000000000.0 1us 0
60 238 25000000000.0 1us 0
61 238 25000000000.0 1us 0
62 238 25000000000.0 1us 0
63 238 25000000000.0 1us 0
64 238 25000000000.0 1us 0
65 238 25000000000.0 1us 0
66 238 25000000000.0 1us 0
67 238 25000000000.0 1us 0
68 238 25000000000.0 1us 0
69 238 25000000000.0 1us 0
70 238 25000000000.0 1us 0
71 238 25000000000.0 1us 0
72 238 25000000000.0 1us 0
73 238 25000000000.0 1us 0
74 238 25000000000.0 1us 0
75 238 25000000000.0 1us 0
76 238 25000000000.0 1us 0
77 238 25000000000.0 1us 0
78 238 25000000000.0 1us 0
79 238 25000000000.0 1us 0
80 238 25000000000.0 1us 0
81 238 25000000000.0 1us 0
82 238 25000000000.0 1us 0
83 238 25000000000.0 1us 0
84 238 25000000000.0 1us 0
85 238 25000000000.0 1us 0
86 238 25000000000.0 1us 0
87 238 25000000000.0 1us 0
88 238 25000000000.0 1us 0
89 238 25000000000.0 1us 0
90 238 25000000000.0 1us 0
91 238 25000000000.0 1us 0
92 238 25000000000.0 1us 0
93 238 25000000000.0 1us 0
94 238 25000000000.0 1us 0
95 238 25000000000.0 1us 0
96 238 25000000000.0 1us 0
97 238 25000000000.0 1us 0
98 238 25000000000.0 1us 0
99 238 25000000000.0 1us 0
100 238 25000000000.0 1us 0
101 238 25000000000.0 1us 0
102 238 25000000000.0 1us 0
103 238 25000000000.0 1us 0
104 238 25000000000.0 1us 0
105 238 25000000000.0 1us 0
106 238 25000000000.0 1us 0
107 238 25000000000.0 1us 0
108 238 25000000000.0 1us 0
109 238 25000000000.0 1us 0
110 238 25000000000.0 1us 0
111 238 25000000000.0 1us 0
112 238 25000000000.0 1us 0
113 238 25000000000.0 1us 0
114 238 25000000000.0 1us 0
115 238 25000000000.0 1us 0
116 238 25000000000.0 1us 0
117 238 25000000000.0 1us 0
118 238 25000000000.0 1us 0
119 238 25000000000.0 1us 0
120 238 25000000000.0 1us 0
121 238 25000000000.0 1us 0
122 238 25000000000.0 1us 0
123 238 25000000000.0 1us 0
124 238 25000000000.0 1us 0
125 238 25000000000.0 1us 0
126 238 25000000000.0 1us 0
127 238 25000000000.0 1us 0
128 238 25000000000.0 1us 0
129 238 25000000000.0 1us 0
130 238 25000000000.0 1us 0
131 238 25000000000.0 1us 0
132 238 25000000000.0 1us 0
133 238 25000000000.0 1us 0
134 238 25000000000.0 1us 0
135 238 25000000000.0 1us 0
136 238 25000000000.0 1us 0
137 238 25000000000.0 1us 0
138 238 25000000000.0 1us 0
139 238 25000000000.0 1us 0
140 238 25000000000.0 1us 0
141 238 25000000000.0 1us 0
142 238 25000000000.0 1us 0
143 238 25000000000.0 1us 0
144 238 25000000000.0 1us 0
145 238 25000000000.0 1us 0
146 238 25000000000.0 1us 0
147 238 25000000000.0 1us 0
148 238 25000000000.0 1us 0
149 238 25000000000.0 1us 0
150 238 25000000000.0 1us 0
151 238 25000000000.0 1us 0
152 238 25000000000.0 1us 0
153 238 25000000000.0 1us 0
154 238 25000000000.0 1us 0
155 238 25000000000.0 1us 0
156 238 25000000000.0 1us 0
157 238 25000000000.0 1us 0
158 238 25000000000.0 1us 0
159 238 25000000000.0 1us 0
160 238 25000000000.0 1us 0
161 238 25000000000.0 1us 0
162 238 25000000000.0 1us 0
163 238 25000000000.0 1us 0
164 238 25000000000.0 1us 0
165 238 25000000000.0 1us 0
166 238 25000000000.0 1us 0
167 238 25000000000.0 1us 0
168 238 25000000000.0 1us 0
169 238 25000000000.0 1us 0
170 238 25000000000.0 1us 0
171 238 25000000000.0 1us 0
172 238 25000000000.0 1us 0
173 238 25000000000.0 1us 0
174 238 25000000000.0 1us 0
175 238 25000000000.0 1us 0
176 238 25000000000.0 1us 0
177 238 25000000000.0 1us 0
178 238 25000000000.0 1us 0
179 238 25000000000.0 1us 0
180 238 25000000000.0 1us 0
181 238 25000000000.0 1us 0
182 238 25000000000.0 1us 0
183 238 25000000000.0 1us 0
184 238 25000000000.0 1us 0
185 238 25000000000.0 1us 0
186 238 25000000000.0 1us 0
187 238 25000000000.0 1us 0
188 238 25000000000.0 1us 0
189 238 25000000000.0 1us 0
190 238 25000000000.0 1us 0
191 238 25000000000.0 1us 0
192 238 25000000000.0 1us 0
193 238 25000000000.0 1us 0
194 238 25000000000.0 1us 0
195 238 25000000000.0 1us 0
196 238 25000000000.0 1us 0
197 238 25000000000.0 1us 0
198 238 25000000000.0 1us 0
199 238 25000000000.0 1us 0
200 238 25000000000.0 1us 0
201 238 25000000000.0 1us 0
202 238 25000000000.0 1us 0
203 238 25000000000.0 1us 0
204 238 25000000000.0 1us 0
205 238 25000000000.0 1us 0
206 238 25000000000.0 1us 0
207 238 25000000000.0 1us 0
208 238 25000000000.0 1us 0
209 238 25000000000.0 1us 0
210 238 25000000000.0 1us 0
211 238 25000000000.0 1us 0
212 238 25000000000.0 1us 0
213 238 25000000000.0 1us 0
214 238 25000000000.0 1us 0
215 238 25000000000.0 1us 0
216 238 25000000000.0 1us 0
217 238 25000000000.0 1us 0
218 238 25000000000.0 1us 0
219 238 25000000000.0 1us 0
220 238 25000000000.0 1us 0
221 238 25000000000.0 1us 0
222 238 25000000000.0 1us 0
223 238 25000000000.0 1us 0
224 238 25000000000.0 1us 0
225 238 25000000000.0 1us 0
226 238 25000000000.0 1us 0
227 238 25000000000.0 1us 0
228 238 25000000000.0 1us 0
229 238 25000000000.0 1us 0
230 238 25000000000.0 1us 0
231 238 25000000000.0 1us 0
232 238 25000000000.0 1us 0
233 238 25000000000.0 1us 0
234 238 25000000000.0 1us 0
235 238 25000000000.0 1us 0
236 238 25000000000.0 1us 0
237 238 25000000000.0 1us 0
238 242 100000000000.0 1us 0
238 243 100000000000.0 1us 0
239 242 100000000000.0 1us 0
239 243 100000000000.0 1us 0
240 244 100000000000.0 1us 0
240 245 100000000000.0 1us 0
241 244 100000000000.0 1us 0
241 245 100000000000.0 1us 0
242 246 100000000000.0 5us 0
242 247 100000000000.0 5us 0
243 246 100000000000.0 5us 0
243 247 100000000000.0 5us 0
244 246 100000000000.0 5us 0
244 247 100000000000.0 5us 0
245 246 100000000000.0 5us 0
245 247 100000000000.0 5us 0